,Agricultural land (% of land area),"Human capital index plus (HCI+): education pillar score, female (scale 0-188)","Human capital index plus (HCI+): education pillar score, male (scale 0-188)","Human capital index plus (HCI+): education pillar score, total (scale 0-188)","Human capital index plus (HCI+): health pillar score, female (scale 0-50)","Human capital index plus (HCI+): health pillar score, male (scale 0-50)","Human capital index plus (HCI+): health pillar score, total (scale 0-50)","Human capital index plus (HCI+): on-the-job learning pillar score, female (scale -30-87)","Human capital index plus (HCI+): on-the-job learning pillar score, male (scale -30-87)","Human capital index plus (HCI+): on-the-job learning pillar score, total (scale -30-87)","Human capital index plus (HCI+): overall score, female (scale 0-325)","Human capital index plus (HCI+): overall score, male (scale 0-325)","Human capital index plus (HCI+): overall score, total (scale 0-325)",Firms with female top manager (% of firms),Firms with female participation in ownership (% of firms),"Individuals using the Internet, female (% of female population)","Individuals using the Internet, male (% of male population)","Literacy rate, adult female (% of females 15+)","Literacy rate, adult male (% of males ages 15 and above)","School enrollment, preprimary (% gross)","School enrollment, preprimary, female (% gross)","Primary completion rate, female (% of relevant age group)","Primary completion rate, male (% of relevant age group)","Educational attainment, at least completed primary, population 25+, female (%) (cumulative)","Educational attainment, at least completed primary, population 25+, male (%) (cumulative)","Persistence to last grade of primary, female (% of cohort)","Persistence to last grade of primary, male (% of cohort)","Children out of school, female (% of female primary school age)","Children out of school, male (% of male primary school age)","Educational attainment, at least completed upper secondary, population 25+, female (%) (cumulative)","Educational attainment, at least completed upper secondary, population 25+, male (%) (cumulative)","Secondary education, duration (years)","School enrollment, secondary, female (gross %)","Adolescents out of school, female (% of female lower secondary school age)","Adolescents out of school, male (% of male lower secondary school age)","Educational attainment, at least Bachelor's or equivalent, population 25+, female (%) (cumulative)","Educational attainment, at least Bachelor's or equivalent, population 25+, male (%) (cumulative)","Educational attainment, Doctoral or equivalent, population 25+, female (%) (cumulative)","Educational attainment, Doctoral or equivalent, population 25+, male (%) (cumulative)","Educational attainment, at least Master's or equivalent, population 25+, female (%) (cumulative)","Educational attainment, at least Master's or equivalent, population 25+, male (%) (cumulative)","School enrollment, tertiary, female (gross %)",Proportion of seats held by women in national parliaments (%),Women Business and the Law Index Score (scale 1-100),"Proportion of time spent on unpaid domestic and care work, female (% of 24 hour day)","Proportion of time spent on unpaid domestic and care work, male (% of 24 hour day)","Maternal mortality ratio (per 100,000 live births)","Employment in agriculture, female (% of female employment)","Employers, female (% of female employment)","Employers, male (% of male employment) (modeled ILO estimate)","Self-employed, female (% of female employment)","Self-employed, male (% of male employment) (modeled ILO estimate)",Female share of employment in senior and middle management (%),"Vulnerable employment, female (% of female employment)","Vulnerable employment, male (% of male employment)","Wage & salaried workers, female (% of female employment)","Wage and salaried workers, male (% of male employment) (modeled ILO estimate)","Contributing family workers, female (% of female employment) (modeled ILO estimate)","Contributing family workers, male (% of male employment) (modeled ILO estimate)","Employment in industry, female (% of female employment)","Employment in industry, male (% of male employment) (modeled ILO estimate)","Employment in services, female (% of female employment)","Employment in services, male (% of male employment) (modeled ILO estimate)","Labor force participation rate, female (% of female population ages 15-64) (modeled ILO estimate)","Labor force participation rate, male (% of male population ages 15-64) (modeled ILO estimate)","Labor force with advanced education, female (% of female working-age population with advanced education)","Labor force with advanced education, male (% of male working-age population with advanced education)","Labor force with basic education, female (% of female working-age population with basic education)","Labor force with basic education, male (% of male working-age population with basic education)","Labor force participation rate, female (% of female population 15+)","Labor force participation rate, male (% of male population 15+)","Labor force with intermediate education, female (% of female working-age population with intermediate education)","Labor force with intermediate education, male (% of male working-age population with intermediate education)","Part time employment, female (% of total female employment)","Part time employment, male (% of total male employment)","Unemployment rate, female (% of female labor force)","Unemployment rate, male (% of male labor force)","Adolescent fertility rate (births per 1,000 women ages 15-19)","Fertility rate, total (births per woman)"
Agricultural land (% of land area),1.0,-0.08725302676032545,-0.15769992260644236,-0.09704841166755813,0.043601961539513324,-0.06683526796834137,-0.00964082874069482,0.019492398470186537,0.19564314520337317,0.0858130399647168,-0.15235655816573163,-0.29779176832535964,-0.19639698990797982,-0.33544869815047634,-0.18769537554057944,-0.013879580059022921,-0.07605255366645952,0.14419624857405874,0.04093922890457433,0.08158239840875427,0.1170885563522748,-0.13310119628702982,-0.14252364962922964,-0.034134097434677914,-0.09046064438835716,0.10769646470856525,0.045687424207391886,0.18853484476224483,0.19630179208480236,-0.44670061370243225,-0.5492317764833973,0.23478779139921432,-0.097209738544745,0.06582357379124194,0.12210193779452802,-0.3351690803526917,-0.44010393561472533,-0.20045244873645493,-0.1823560012531073,0.12610130250075263,0.22737461487262636,-0.13018256830971245,0.11177590483741363,0.17328370243681665,-1.0000000000000002,1.0000000000000007,-0.1818837921730934,-0.33879476019870924,0.09189561289431071,0.2629172997142293,-0.2964207675385724,-0.24801681821546326,-0.014722862113246983,-0.3057052640446994,-0.29425609748778153,0.29642035532569755,0.24801703228917546,-0.3656196051739512,-0.3010395942666694,0.03209932099480523,0.2149961800174764,0.3101149439655284,0.032343856085874485,0.09551184244055186,0.1959930819657958,-0.1146984553619398,0.08038160534311818,0.14931746542995228,0.3562228920657287,-0.044526420838457384,-0.03006020257855832,0.17469204887649226,-0.024131451642453342,0.04231750003946193,-0.09273501304232797,-0.17009705070167927,-0.22454051830009322,0.02863961923117986,-0.03744205260887579
"Human capital index plus (HCI+): education pillar score, female (scale 0-188)",-0.08725302676032545,1.0,0.9853500576308983,0.9860380612735217,0.7635685378169603,0.797997441704756,0.7966778139567217,0.691558957987506,-0.6655242859732357,0.47409174516075886,0.969271202063658,0.968439488710723,0.9710982101978259,-0.315719871440192,-0.30789636039300633,0.8075679617670969,0.8435602820091394,0.7877895511692856,0.8680992190795057,0.7774841574926578,0.7662147581465321,0.7122654351049256,0.7445645111592172,0.8082718691636835,0.8756513808765278,0.45877883522681256,0.5431105576281594,-0.668070738939733,-0.6759755553303007,0.8163900004057276,0.8061820926103644,0.2290998948164382,0.8084843080608066,-0.8632255650616344,-0.78923042326831,0.8329972007965606,0.8681350222158362,0.3974114029162463,0.5886369814065229,0.2329001812915303,0.5171936457836163,0.6030033488795953,0.4232861768882952,0.39770793301716556,1.0000000000000002,-1.0000000000000002,-0.5292029222363486,-0.1252314129455316,-0.3893891380551324,-0.2758510600770038,-0.6356194046607573,-0.30034069782162176,-0.5708708522477017,-0.6069306065882512,-0.21663216315268044,0.6356193185662229,0.30034130910406304,-0.33231536375503373,-0.45185692526001164,-0.5461380959482394,0.1823587020229405,0.3479810811640046,0.6231595275208444,0.5741245343070286,-0.1572439717133915,-0.11899381668948864,-0.19032632577443873,-0.2216672186053702,-0.7281882857658091,0.3492266891543846,-0.5784503512824124,-0.13871824824312315,-0.3790518857939256,0.15763753401799852,0.12751234063057096,0.15885827815572168,0.3680182525621426,-0.6984704342339297,-0.8133870257819044
"Human capital index plus (HCI+): education pillar score, male (scale 0-188)",-0.15769992260644236,0.9853500576308983,1.0,0.986351189238263,0.6754811996441211,0.72018816974566,0.7128609305291403,0.6328078258759673,-0.5872855341853835,0.4462647211881367,0.9315579926420791,0.9878712147549353,0.9565687227934833,-0.2883688258789166,-0.3631479058321492,0.6983499175996298,0.7502858584873469,0.6589495185842873,0.8090467101085871,0.8182336049447632,0.8044741485557315,0.7278162899735896,0.7625755511282069,0.723854488340162,0.8261091545182481,0.4800912228982341,0.5609054714350187,-0.6866655404560494,-0.6962629699461723,0.779827089369584,0.8158855925857208,0.19301797592910522,0.7970452956372984,-0.8478778929090716,-0.7845499354018898,0.8067759550182549,0.8874426891314097,0.48010765622849083,0.6384949560866685,0.12499991518336179,0.46914232354003615,0.5292018870763449,0.4224268569085892,0.3975972814791914,1.0000000000000009,-1.0000000000000009,-0.5328743930021533,-0.04511840252657598,-0.40232969684702713,-0.29956291865508566,-0.5573221017481583,-0.3026575985053587,-0.6227714984049975,-0.5263170569868296,-0.21270052133125972,0.5573220408844878,0.3026582059415736,-0.24951915411332962,-0.368658967582827,-0.4549662135767139,0.1607718696666736,0.23373251950097743,0.5427733907731387,0.5341625602369059,-0.09252108026982385,-0.07799154296132829,-0.16389585010491203,-0.1559027772078448,-0.6735824814330692,0.3364001702808644,-0.5041946742538945,-0.09380155030810504,-0.2769611705899053,0.16691244973115746,0.10384862700779841,0.09780814567966566,0.3381438398629559,-0.6725791823454175,-0.7984539505132625
"Human capital index plus (HCI+): education pillar score, total (scale 0-188)",-0.09704841166755813,0.9860380612735217,0.986351189238263,1.0,0.7134782753904455,0.7632450909976974,0.7545522628968299,0.6616898526456632,-0.5772667935726413,0.48178360822097077,0.9442932531842276,0.9818059126456341,0.9807480098804164,-0.3025287947295184,-0.3377117129679025,0.7414866535264045,0.7968217939050396,0.7375175043232464,0.8789668273916911,0.7859649026935716,0.7751745971308801,0.7216922953778597,0.7551815594667252,0.7587406301253876,0.8579408779180021,0.47030632343559087,0.5531707728228326,-0.6648393092767039,-0.6756421943587754,0.7643579078189469,0.7874137373494116,0.13198059577965274,0.792043448831725,-0.8405712792306165,-0.7791719555422848,0.8227875979694513,0.8803556695890515,0.44092013091518034,0.615964247525985,0.18038092041272663,0.49428161261851805,0.5772190465011108,0.4878850295099761,0.41088208048787284,1.0000000000000007,-1.0000000000000007,-0.5630514429832361,-0.0597705202642571,-0.4121542829104582,-0.28893905993782254,-0.5737914522689693,-0.29698244660454814,-0.5920947023977227,-0.5420685341473938,-0.21001181041382938,0.5737913451126768,0.29698302897858575,-0.27126587913509254,-0.3890991141394968,-0.49695425274682725,0.14685243090484604,0.26525122073272006,0.5598879851186255,0.5437622226712214,-0.1259701577554969,-0.11595298038242041,-0.20732277589769668,-0.16888713666866345,-0.6849857436618785,0.3337893649970184,-0.5355891222284934,-0.1633805853581087,-0.3734317622302968,0.20199919362230845,0.15454467781963865,0.10998772736066989,0.34456910391803597,-0.6836705740601966,-0.8004798070620387
"Human capital index plus (HCI+): health pillar score, female (scale 0-50)",0.043601961539513324,0.7635685378169603,0.6754811996441211,0.7134782753904455,1.0,0.9304017754466944,0.9821909296429023,0.672814639650804,-0.49020166417711536,0.5007090532817063,0.8401374929267634,0.665189990217758,0.7766725545495875,0.11490946403189044,0.2739714876602185,0.8364601614632432,0.8216978887641002,0.8517892869509066,0.6358684734322351,0.39154061312819677,0.3868225032395952,0.36275141058618066,0.4274096240575305,0.8414351237235852,0.7679337095366993,0.1724268399679802,0.26238521315185237,-0.25175191713512074,-0.2875062177467936,0.7058903686139432,0.5482251473257421,0.09334657855916847,0.6638144894273984,-0.6127778056157245,-0.4988086448226176,0.6863880919321274,0.5391352417773266,-0.032705657837739904,0.5033915891250541,0.6918173202954483,0.6842152350232047,0.6111333861803431,0.1434126517158741,0.3701620997175609,1.0000000000000198,-1.0000000000000198,-0.3496542428622956,-0.4933335636965327,-0.1567188801069853,-0.0428324579632919,-0.7169287477122962,-0.2737577906576358,0.08287051954191733,-0.7078393975003302,-0.2553250266309086,0.7169285838350256,0.2737580121916244,-0.5969056210414145,-0.6226178609162908,-0.6622429499658592,0.18496204110230413,0.7127412460453617,0.7287342082258195,0.39264346234564657,-0.2722275415938978,-0.3877573891638546,-0.3465386367843611,-0.5103184503258534,-0.7801149459670488,0.17220068279764392,-0.5463437107701784,-0.4210765496859521,-0.7304352003418567,-0.28200259657583643,-0.07929139477308113,0.5300092620608895,0.5821972933540124,-0.5734773640029275,-0.6375498294588405
"Human capital index plus (HCI+): health pillar score, male (scale 0-50)",-0.06683526796834137,0.797997441704756,0.72018816974566,0.7632450909976974,0.9304017754466944,1.0,0.9824599664229124,0.717184162168491,-0.43570283930010467,0.5737068135614775,0.862306164241252,0.7287462912224089,0.8243498073633243,-0.050099268381021675,0.20607489333535509,0.919621248901365,0.9233990114420193,0.8748271438213506,0.6927250892136478,0.42588400311474406,0.4199852438239913,0.3817794156020586,0.46063906605039656,0.8715593211142905,0.8065754214592414,0.14537989431924572,0.2364351053706303,-0.3094598273109707,-0.3626282573419312,0.7389839145567111,0.5822821609656387,0.03308519754352058,0.7147953141503769,-0.6924700455561952,-0.6625330565672125,0.77680724925811,0.6216071550302504,-0.0556279159797054,0.450207965936947,0.6289350406238274,0.6033140111285934,0.7221524242491758,0.20663272535165064,0.24472269853076806,1.0000000000000115,-1.0000000000000115,-0.39263165371271885,-0.35643463004556974,-0.17160832519487437,-0.07067978706876323,-0.6583093606383651,-0.22249134246083369,0.05836324380608882,-0.6476576164302361,-0.20002825313494554,0.658309222362833,0.22249147585088036,-0.5144719729685564,-0.5493940805440501,-0.7091976061836903,0.10389973703781782,0.5999493885562056,0.6647605424252493,0.4395159558536267,-0.2123906018792958,-0.15625689825347505,-0.34842832608927665,-0.4314827180022657,-0.771589896031633,0.21515186739284614,-0.5213896721818709,-0.3064226285084061,-0.6655202947951273,-0.09538030791041212,0.0698370336311988,0.5733188866324368,0.6230810418420522,-0.6239262482771066,-0.6180685012577748
"Human capital index plus (HCI+): health pillar score, total (scale 0-50)",-0.00964082874069482,0.7966778139567217,0.7128609305291403,0.7545522628968299,0.9821909296429023,0.9824599664229124,1.0,0.7049048720182984,-0.468486857739093,0.5450602112069189,0.8673083188436755,0.7114495596694577,0.8167357868468273,0.027915448549555053,0.2431096735124864,0.8909944302935442,0.8868343048040894,0.8795679214489002,0.6761544319570227,0.4137011230000979,0.4083348305595463,0.3733641658426828,0.4470102725067231,0.868853162201143,0.7988826687877283,0.16217601225151354,0.25353333234823067,-0.2830131929045332,-0.3281634574559409,0.7324851524962858,0.5738116492074832,0.06280725711474895,0.699076402189747,-0.6604007936417335,-0.5861883602578374,0.7386893533727003,0.5878761598800302,-0.035331771683468814,0.4864768438107261,0.658310672071634,0.6422807433808622,0.6786181419411826,0.1840841950396451,0.31141580400119473,1.0000000000000142,-1.0000000000000144,-0.38855324003840963,-0.4335205163134401,-0.16366010907685052,-0.05432269613319655,-0.7014976485431657,-0.25973695451289125,0.07206350514306332,-0.6917455801363841,-0.23939374330470234,0.7014974989032643,0.2597371381045412,-0.5691386602699166,-0.5978397529348182,-0.6927552735927192,0.1510865999106599,0.6671435802747349,0.704753473332316,0.4233161494611248,-0.24483292304323231,-0.279585420089352,-0.3529076047492022,-0.48182137586901264,-0.791309154033635,0.19594899647419853,-0.5437455540212978,-0.3731565961706788,-0.7138414786873291,-0.19442466912670256,-0.00825460673115044,0.5588322521881314,0.612937162731578,-0.6147588082703734,-0.6450349889723105
"Human capital index plus (HCI+): on-the-job learning pillar score, female (scale -30-87)",0.019492398470186537,0.691558957987506,0.6328078258759673,0.6616898526456632,0.672814639650804,0.717184162168491,0.7049048720182984,1.0,-0.3678995927172653,0.8939132290592203,0.8442893541423737,0.6720809906693385,0.7869848869464521,-0.24619961181330774,0.25104738506949553,0.646676442645435,0.6765755899555892,0.6679198740963731,0.7856600717028527,0.420207634211684,0.42948744231038566,0.5083784105662373,0.5715590550146485,0.5888347810813258,0.700878504441467,0.18801100438383583,0.2941087011782852,-0.438921588395559,-0.47737147670386787,0.6503622462934945,0.6054846837330119,0.11488181731989353,0.6907144264188236,-0.7496166229435758,-0.6627219203120337,0.7166317431549467,0.46928443082391946,-0.7715186383423097,-0.44428389384225014,0.6410483961074395,0.7260601250059102,0.760747281550893,-0.004759471286146202,0.5446844884909743,-1.0000000000000004,1.0000000000000009,-0.09492883420129138,0.01781745674264092,-0.420135692078866,-0.23080388209168753,-0.3055760371676568,0.16276101552540606,-0.3772055404714463,-0.27160859477738025,0.2075849625350825,0.30557579020532566,-0.16276091805594758,-0.059860645104442514,-0.1730273497414229,-0.8448967210003829,0.15424719715288474,0.29505029596296756,0.6032697474466893,0.814727948103072,0.21353991203775122,0.152767395305489,-0.04184619510970139,0.2131190989815548,-0.3842699295435514,0.694560865661147,-0.0928702500918089,0.2226666400562709,-0.22242959037115337,0.28269540292843054,0.44499378712050247,0.45591877676237014,0.4333817539352196,-0.5342184083726728,-0.30093012245199946
"Human capital index plus (HCI+): on-the-job learning pillar score, male (scale -30-87)",0.19564314520337317,-0.6655242859732357,-0.5872855341853835,-0.5772667935726413,-0.49020166417711536,-0.43570283930010467,-0.468486857739093,-0.3678995927172653,1.0,0.08380734984213013,-0.6339660944061472,-0.4810662678251516,-0.5353297737679553,-0.6186527374525028,-0.29544851118137555,-0.3703163602056732,-0.38291001195762603,-0.5787639111140757,-0.480772843730258,-0.47067457467108015,-0.4558182190263269,-0.5004343079714024,-0.5073155811658056,-0.38937096476649935,-0.3925768530676689,-0.34958874967388154,-0.35280781255278765,0.47195985018152364,0.4495273698821494,-0.705210869781739,-0.6381497803055833,-0.3047980654220023,-0.4949369746022942,0.5581270252677449,0.40012074842845236,-0.5621226548264107,-0.6440877816556765,0.18003324457922476,0.4141295498926797,-0.0508835855502689,-0.19302574896940602,-0.614760991128395,-0.023855881900691735,-0.07462000779370243,-1.0000000000000013,1.0000000000000013,-0.24056534179831005,0.22536706652849783,0.2677311056481647,0.33265934860427965,0.27737472986946404,-0.15413138651145683,0.389948348539682,0.2565454835454616,-0.22079445494893324,-0.2773750436385574,0.1541308280944899,0.16812248361674467,0.306392281063311,0.34868793393372766,-0.3055398852113389,-0.3433681590007331,-0.5986345140239028,-0.38290494430399,0.2937833165973009,0.08001392070490132,-0.16169479640805515,0.13279781866141396,0.5555396627863672,-0.2888525312759488,0.4407378359657968,-0.008889335977657889,0.34306280075861945,0.09531525507054266,0.148331626551482,-0.36355612063081244,-0.4483209965789748,0.41277700861461636,0.42636728503811044
"Human capital index plus (HCI+): on-the-job learning pillar score, total (scale -30-87)",0.0858130399647168,0.47409174516075886,0.4462647211881367,0.48178360822097077,0.5007090532817063,0.5737068135614775,0.5450602112069189,0.8939132290592203,0.08380734984213013,1.0,0.6471277216361526,0.5365894864518522,0.6327048439860213,-0.38569319056254564,0.13068929727419704,0.5110324505719832,0.53449197698321,0.45021117615001655,0.6188178671320606,0.23901624171246516,0.25515914268408446,0.34487764254919756,0.41019842826688574,0.4698583443367671,0.5875912324475528,0.05323320650944209,0.17453232950897,-0.2491082545110423,-0.30700996645016004,0.3888327777585519,0.3716857650909721,-0.04956171877039659,0.5316617243564412,-0.5673900527325539,-0.5504926372277688,0.5612160430036836,0.24745948470144313,-0.4733774481757517,-0.05414783049855435,0.6944302116423996,0.7357509103643196,0.5905261294310621,0.004911644043935667,0.5694078553157317,-0.9999999999999998,1.0,-0.20344021236399432,0.13387677538367163,-0.3376813552313266,-0.10454635967933366,-0.200115311046662,0.10144169890019193,-0.2230014839610021,-0.17236474034451008,0.12103648013645317,0.20011488907372066,-0.10144185327973824,0.02185163482520919,-0.03500259124878541,-0.7493042701602656,-0.0130818863707702,0.1492343592255047,0.36721270378567294,0.6722370137925827,0.34615648133539706,0.18281178817889646,-0.16676581365710924,0.2864169453204852,-0.18175100675643088,0.5905096986290554,0.0937709451511852,0.2155375890154188,-0.10195035639747722,0.33507049916915904,0.5334200189901094,0.3100350408598967,0.25517599218289067,-0.3686497540744738,-0.127163910709692
"Human capital index plus (HCI+): overall score, female (scale 0-325)",-0.15235655816573163,0.969271202063658,0.9315579926420791,0.9442932531842276,0.8401374929267634,0.862306164241252,0.8673083188436755,0.8442893541423737,-0.6339660944061472,0.6471277216361526,1.0,0.9327010668742923,0.9786137827693908,-0.31606455762571906,-0.06480557020948538,0.8470320821509221,0.8758972557995357,0.8234031552053974,0.90214207294054,0.6819186579871441,0.6774053738615081,0.7515161904030011,0.8012567173663859,0.8282973034347909,0.8934030231894936,0.44751441125073854,0.5449834690538186,-0.6132862457527172,-0.6398643615841872,0.8302632872186774,0.7987790110997206,0.1942475648320168,0.8713343366380869,-0.9058574964938158,-0.8082319492517797,0.8554506149996638,0.7965131145338623,0.0450418345817177,0.3688989817387574,0.4470177250043733,0.6441984463696873,0.7765426601915708,0.2226422170744575,0.4752216822080247,1.0000000000000004,-1.0000000000000007,-0.49066648685817715,-0.12004004549969263,-0.46753257420263555,-0.34533367621101807,-0.5882437172215609,-0.12943803236553778,-0.5235159290300737,-0.5519806207063409,-0.03377825195791826,0.5882436338031537,0.1294385503262249,-0.28093196045464547,-0.4105886807834672,-0.7052545200869936,0.32768457381199734,0.410764534284803,0.706804863494958,0.8431956760382358,0.04236887225145417,-0.07509498792784351,-0.1823037438652418,-0.1387639131774408,-0.7012560972833893,0.7257274944664323,-0.42888178977112995,-0.06957235132694663,-0.3997779075436019,0.17074177497409346,0.2156081458871406,0.47671399213682675,0.6264980172050422,-0.7387764463583293,-0.7193797903666481
"Human capital index plus (HCI+): overall score, male (scale 0-325)",-0.29779176832535964,0.968439488710723,0.9878712147549353,0.9818059126456341,0.665189990217758,0.7287462912224089,0.7114495596694577,0.6720809906693385,-0.4810662678251516,0.5365894864518522,0.9327010668742923,1.0,0.9717751094387251,-0.39747457384480717,-0.35477618715739007,0.7151625895407732,0.7701798490790237,0.6593232368455684,0.8345755868125689,0.778799239861083,0.7671023622782621,0.801857203435644,0.8512166895587813,0.7360324008688541,0.8469190767269451,0.5294319031716125,0.6213206049257229,-0.6635458008016983,-0.6964110173957653,0.751845949609461,0.7912884005765898,0.08911473306224789,0.8537256723972579,-0.8690560059860762,-0.8243785034210497,0.8446379141609953,0.8938533278322425,0.422770377734143,0.6796813466077147,0.1668534174140211,0.5034590012951929,0.6346320834268344,0.3474865385957137,0.4325963771068955,1.0000000000000013,-1.0000000000000013,-0.5421528264070838,0.023234866115042743,-0.4623678973905095,-0.3621756218115662,-0.46531551741296046,-0.21306416515343954,-0.5985145464950146,-0.4271255157556004,-0.11051828828625938,0.4653155223041495,0.21306472054960357,-0.14004731751096774,-0.25543000401545907,-0.49014067653922105,0.2664548689538607,0.18406676135607272,0.5135055693043099,0.6726555479614968,0.08802558307628795,-0.046146488712119405,-0.20549714918518783,-0.10362380354383095,-0.6318786229737807,0.580816566958771,-0.3354309355768838,-0.08323960579463235,-0.2766760649647089,0.20819030116268944,0.16504052817423615,0.28403452528239376,0.5445043182508411,-0.6778284523717014,-0.7206186334076545
"Human capital index plus (HCI+): overall score, total (scale 0-325)",-0.19639698990797982,0.9710982101978259,0.9565687227934833,0.9807480098804164,0.7766725545495875,0.8243498073633243,0.8167357868468273,0.7869848869464521,-0.5353297737679553,0.6327048439860213,0.9786137827693908,0.9717751094387251,1.0,-0.3556684972479859,-0.19032021888278197,0.795201969895959,0.843665537726021,0.7786419862865898,0.9177805669358922,0.7139387091048391,0.7084697075323461,0.785829972163752,0.8362398914327891,0.7932787867101776,0.8896144344736719,0.48825952575542036,0.5857035104206363,-0.6306563406485359,-0.6630979156271373,0.7791684307064801,0.7842292291637892,0.0795111358890754,0.8698413180812421,-0.8914848502499375,-0.820311854677166,0.8657052498849799,0.8475180520571336,0.21357233566796308,0.519835879933076,0.34581381067949857,0.5968014310238754,0.7518547747744107,0.3343001269899298,0.47989862584813525,1.0000000000000007,-1.0000000000000009,-0.544673021572624,-0.03677835695223015,-0.4909444296718067,-0.36241062953574465,-0.5187770139449737,-0.15234079864407546,-0.5504433738306667,-0.47872053272674436,-0.0514765637300584,0.5187769493640842,0.1523413101932846,-0.20373614999479672,-0.32793794934815207,-0.6296831459572395,0.2850690526722269,0.29981730765626347,0.6176324118409353,0.7839317424844278,0.06894820766428672,-0.07986519999502807,-0.2234683309739959,-0.10679506037889235,-0.6654150148030527,0.680966740213586,-0.3771835639592778,-0.1146259531453821,-0.39163272011034667,0.21925404277314317,0.23135574301676956,0.39667102055638115,0.6011475998530731,-0.7221177563147703,-0.7194758096802947
Firms with female top manager (% of firms),-0.33544869815047634,-0.315719871440192,-0.2883688258789166,-0.3025287947295184,0.11490946403189044,-0.050099268381021675,0.027915448549555053,-0.24619961181330774,-0.6186527374525028,-0.38569319056254564,-0.31606455762571906,-0.39747457384480717,-0.3556684972479859,1.0,0.6509963188692847,-0.5043190509448384,-0.4845101016510744,-0.5518733543273836,-0.6185035014965431,0.45410751011057227,0.40735196257788236,-0.397156950324994,-0.4483311266027057,-0.447673744826796,-0.5159642201216317,-0.4378875344426067,-0.5339854845835441,-0.1434417006643851,-0.12862299357066256,0.1517042369116546,0.17996377466549418,-0.3917556916498753,-0.14449076471004355,0.3103993735918086,0.34755521635172215,-0.11202113009994587,-0.06590642808509714,-0.33456847870846357,-0.2793058579529735,0.07166550287812921,-0.03730782629401288,-0.3114271208055031,-0.10265428081070344,-0.13177380831434993,,,-0.0036226231163950955,-0.014085179765107023,-0.17626819835947158,-0.5210633888009746,0.13684944199017954,0.11851591073593089,0.605253479426166,0.14224490065491552,0.19910048689580498,-0.136848883872788,-0.11851583834625588,-0.09915587130220195,-0.06852250064694937,0.04435477237378355,-0.4211489342983939,-0.0016676838709808765,0.03858073322583777,-0.1933033399360425,-0.5364236899340916,-0.2604666480417544,-0.15361888403221216,-0.32406875134092794,-0.7691705464005932,-0.17579675378592438,-0.3323121101973057,-0.08431558468801167,-0.378155502454224,-0.4764661046703762,-0.3967251423691794,0.31081423525831176,0.3240292603607558,-0.26006095289120607,-0.40485107323350367
Firms with female participation in ownership (% of firms),-0.18769537554057944,-0.30789636039300633,-0.3631479058321492,-0.3377117129679025,0.2739714876602185,0.20607489333535509,0.2431096735124864,0.25104738506949553,-0.29544851118137555,0.13068929727419704,-0.06480557020948538,-0.35477618715739007,-0.19032021888278197,0.6509963188692847,1.0,-0.25463333745324473,-0.3008287924566092,-0.15968331166039865,-0.2262944378238023,0.005685019300602573,-0.0015391652138705238,-0.5232513209624671,-0.5047913983845118,-0.25210955328424695,-0.2889532152702525,-0.5109144669118347,-0.35535854224722596,0.431947302746072,0.3520686701560383,0.3412396440813918,0.2658277868671672,-0.11624103268254163,-0.25477914174801275,0.1563474951533101,0.11489114818917769,0.05768603432039151,-0.2486059616120207,-0.7975326800636493,-0.8415540979282774,0.6718435159291968,0.5870509577169949,0.20799000308566445,-0.6351339812043884,0.14122176530080194,,,0.27113447330401674,0.26326306845247255,-0.4300457142070545,-0.4650269977601514,0.37320213249831896,0.49159764137494727,0.26370823723933395,0.38564299841141514,0.5326117360590451,-0.3732027143155897,-0.49159755247781306,0.16018224302935036,0.16499126295239533,-0.5899409639834672,-0.5708921135264374,-0.06524061958720072,-0.07869330549524929,0.3225324739629795,0.05050298928200198,0.18383041889147744,0.004672622221660651,0.06392402607205105,-0.671548093390598,0.3886852905213254,0.1097916923751763,0.2870621794451652,0.10621846841088423,0.03929831814947478,0.10415516453705545,0.5523567054362616,0.40443004341912575,-0.0021770034405982747,0.06199661489843343
"Individuals using the Internet, female (% of female population)",-0.013879580059022921,0.8075679617670969,0.6983499175996298,0.7414866535264045,0.8364601614632432,0.919621248901365,0.8909944302935442,0.646676442645435,-0.3703163602056732,0.5110324505719832,0.8470320821509221,0.7151625895407732,0.795201969895959,-0.5043190509448384,-0.25463333745324473,1.0,0.9844261470478838,0.8593054572912403,0.6986667072389542,0.3115132233036892,0.3163600490134418,0.6492749188835794,0.713698681759933,0.9263911168280632,0.8672878893402292,0.6598969794811019,0.6323575945508836,-0.5123012865950677,-0.6108438412169099,0.6341470996810534,0.40883686089667576,0.05145556101930985,0.7609719687305982,-0.8203749705559241,-0.7652136928880958,0.7623182206908911,0.6348595282766146,0.29909460387765974,0.7679940028324291,0.5206672169068921,0.5619661919636101,0.8050892815656064,0.19186396172133596,0.12618627199597618,-1.0000000000000007,1.0000000000000009,-0.4344838295295165,-0.4766846518086956,-0.160816608721468,0.06597360591822986,-0.7411983062737113,-0.2907063731925769,0.09980164013298286,-0.7290789118752348,-0.29621848467293904,0.7411982095385691,0.29070668835273067,-0.5551254645980324,-0.6201706955893493,-0.6681709547898431,0.3187632848524071,0.6855962541126241,0.8629123816795242,0.40284493308977376,-0.4171142393641807,-0.09692063119565149,-0.320938055876145,-0.4524512492517531,-0.6520366924159012,0.13277399900054712,-0.6784598543680389,-0.2962504997030774,-0.6180205553273901,-0.023550133654341703,0.08425311074332578,0.6436900145354365,0.6486335102647518,-0.677317373977129,-0.5654996508737924
"Individuals using the Internet, male (% of male population)",-0.07605255366645952,0.8435602820091394,0.7502858584873469,0.7968217939050396,0.8216978887641002,0.9233990114420193,0.8868343048040894,0.6765755899555892,-0.38291001195762603,0.53449197698321,0.8758972557995357,0.7701798490790237,0.843665537726021,-0.4845101016510744,-0.3008287924566092,0.9844261470478838,1.0,0.8533611559326622,0.757475929259592,0.38415694678011253,0.38478911714881386,0.6608595030487165,0.7305342731051646,0.8948613497663501,0.8770395395950416,0.6898714913974077,0.6698982842484743,-0.5556844089321387,-0.6708609072075997,0.6553089315812336,0.46465799814446973,-0.024052073516412233,0.7739257321588486,-0.8341698545719305,-0.7795376837557307,0.7610015154112942,0.6697658654654162,0.27718426496153253,0.6973640455166296,0.39519533086232056,0.45099184686324006,0.8426038409646802,0.25912980864113944,0.10144430605538975,-1.0000000000000007,1.0000000000000007,-0.459905399435609,-0.445183361258644,-0.18902053315887676,0.054298452705774124,-0.7202402647640106,-0.3115718101780205,0.004741011313513062,-0.7073921552584529,-0.3155270209835133,0.7202402558844989,0.3115721187386281,-0.5220814985486739,-0.574850403963125,-0.649110003794653,0.3595511760249438,0.6490723880161531,0.8531395876747454,0.445613637241339,-0.39721563424981193,-0.06299973226718127,-0.2776167961840453,-0.4176169848573311,-0.6791121074226265,0.17785422177065416,-0.6687109116263843,-0.2680892316565393,-0.6446546134307589,0.02563455714318313,0.11903412616059741,0.5997576301933741,0.6582129852127824,-0.7564630029313157,-0.5921937102815069
"Literacy rate, adult female (% of females 15+)",0.14419624857405874,0.7877895511692856,0.6589495185842873,0.7375175043232464,0.8517892869509066,0.8748271438213506,0.8795679214489002,0.6679198740963731,-0.5787639111140757,0.45021117615001655,0.8234031552053974,0.6593232368455684,0.7786419862865898,-0.5518733543273836,-0.15968331166039865,0.8593054572912403,0.8533611559326622,1.0,0.8477615881279194,0.2958194245956921,0.3076979899765077,0.6274082167584347,0.649608449545247,0.9183898671304226,0.883608264190791,0.16989814007205922,0.2563644023811299,-0.3397771793694287,-0.3170332567454411,0.6986487190803404,0.5214415756812826,0.2683121347896818,0.7910210252470383,-0.6931806692350216,-0.6101862171326364,0.8323033450704987,0.6352464607662897,0.6725189747812099,0.7284564357992659,0.6244985575876075,0.605683091499455,0.7489699024657255,0.3125693321489374,0.3761515242628649,1.0000000000000062,-1.0000000000000064,-0.29704449301063407,-0.2048314482910037,-0.2816395857387067,-0.1512466207316108,-0.49828800779491095,0.0667793523865461,-0.14994236767965022,-0.47306430330621335,0.09624032016190764,0.4982879121274192,-0.06677924829970514,-0.2719801827953294,-0.36061989417900325,-0.6941264906388871,0.21938554142095276,0.4660539615701524,0.7418356065896511,0.6333393936588797,-0.06735757389183943,-0.35624557963639136,-0.49858503888394934,-0.21338667506437134,-0.6549267245023869,0.47042159450592774,-0.4563303562026768,-0.30994013184193353,-0.5787853690095224,0.14662530235455368,0.3282032433286829,0.5235960953420439,0.5888346014049448,-0.5509903898306194,-0.5003689875619521
"Literacy rate, adult male (% of males ages 15 and above)",0.04093922890457433,0.8680992190795057,0.8090467101085871,0.8789668273916911,0.6358684734322351,0.6927250892136478,0.6761544319570227,0.7856600717028527,-0.480772843730258,0.6188178671320606,0.90214207294054,0.8345755868125689,0.9177805669358922,-0.6185035014965431,-0.2262944378238023,0.6986667072389542,0.757475929259592,0.8477615881279194,1.0,0.48783997784550304,0.49433192668777093,0.8127470060580281,0.833094906185068,0.7287727087505607,0.906135563317317,0.2392231227332727,0.35075760901982617,-0.6113581351483739,-0.5948262822292661,0.7116860587891453,0.6912163642934647,0.20177464475544152,0.8720836702861536,-0.8143750557271086,-0.7414247757941266,0.8928473841184293,0.7295576249603621,0.09530802351075056,-0.2357782648904315,0.4329907284449151,0.5577458656964078,0.7699207381136978,0.4615063921622917,0.5526400003966574,1.0000000000000004,-1.0000000000000007,-0.19173350456063065,0.14928457338849974,-0.5911580588705733,-0.42354676815580355,-0.2720931727783396,0.18954373445585512,-0.515124569915976,-0.21608363837766373,0.2719161487919626,0.27209311443602024,-0.18954381993444855,0.05288710606075725,-0.03598587117130694,-0.6937931953538673,0.12245440502751721,0.12468434581779966,0.5956202904402312,0.8315262536910409,0.372772802752376,-0.19552824843429684,-0.3985930607596209,0.16204745850237157,-0.49231579643939305,0.7315304050469148,-0.06763630014128293,-0.04151928088559764,-0.31641114194943293,0.44624159855102413,0.5520923904488885,0.2891713726341263,0.4335060225845954,-0.6380570829926245,-0.44984473264562186
"School enrollment, preprimary (% gross)",0.08158239840875427,0.7774841574926578,0.8182336049447632,0.7859649026935716,0.39154061312819677,0.42588400311474406,0.4137011230000979,0.420207634211684,-0.47067457467108015,0.23901624171246516,0.6819186579871441,0.778799239861083,0.7139387091048391,0.45410751011057227,0.005685019300602573,0.3115132233036892,0.38415694678011253,0.2958194245956921,0.48783997784550304,1.0,0.9981329061489866,0.5456907655436977,0.5443870185193597,0.3454725855783926,0.4894747909024344,0.5910702383178336,0.5762602576718092,-0.5424452640592681,-0.5592795117459013,0.4103469180966511,0.48711920374051454,0.006643895323769303,0.7744897784701953,-0.7007786040858645,-0.7526064344089426,0.5089782707085811,0.6233329535850214,0.10755632783282375,0.17711138253219336,-0.20500711788583897,0.23795240148178,0.2626794514863679,0.3892443179143377,0.4474133563163663,1.0000000000000004,-1.0000000000000007,-0.3350331642998478,-0.05263988360210171,-0.24420344267500343,-0.21370426622395203,-0.33854579780694816,-0.2809117850873934,-0.4830960850487635,-0.32004784620658017,-0.22772311839004844,0.338545818427408,0.2809127487506993,-0.18853974458460115,-0.2259579349968501,-0.18486571156603537,0.11798879034307609,0.11554430761189668,0.321102928189576,0.3777336483911409,-0.024068371563487973,-0.08837483682231576,-0.12277239611418225,0.10352732904868144,-0.34818339539278326,0.18311604258356598,-0.37238273949842954,0.18291058243926206,-0.12367057780859893,0.14682383785515107,-0.16203776376239162,-0.06752235747345978,0.2596315722514506,-0.5326201858689781,-0.6852142782073676
"School enrollment, preprimary, female (% gross)",0.1170885563522748,0.7662147581465321,0.8044741485557315,0.7751745971308801,0.3868225032395952,0.4199852438239913,0.4083348305595463,0.42948744231038566,-0.4558182190263269,0.25515914268408446,0.6774053738615081,0.7671023622782621,0.7084697075323461,0.40735196257788236,-0.0015391652138705238,0.3163600490134418,0.38478911714881386,0.3076979899765077,0.49433192668777093,0.9981329061489866,1.0,0.5507988056086157,0.5458114694289632,0.35484467797807456,0.4967636315950639,0.5841919247320931,0.5652133186291931,-0.5435808371086276,-0.5584559409491783,0.3833079953917958,0.45456855792385087,0.0012838598033058626,0.7827509187137989,-0.6995877814538384,-0.7516427907571035,0.48432092705885027,0.582812480100099,0.12131375163296629,0.17632737371052512,-0.20974074628115136,0.2339432279467687,0.2680160496742172,0.37972977249398066,0.4529263945626561,1.0000000000000004,-1.0000000000000007,-0.3420353947873181,-0.05251912705674379,-0.24732106664586945,-0.21383461927078068,-0.3337363615322201,-0.279324312413187,-0.4836930334035583,-0.31495785969512974,-0.2261550455164553,0.33373639993561044,0.2793252712211492,-0.18671280377839614,-0.22284941640272604,-0.19262943770048127,0.11787226893640614,0.11819902080523285,0.3167247433097728,0.39336910550933774,-0.00756854188863848,-0.08604393441782746,-0.12721068557289242,0.12358563330394287,-0.3253226487832463,0.19228195145792243,-0.3633712844929585,0.19777588127277165,-0.11306452676778188,0.1691009460013151,-0.137033526826069,-0.057435509390337924,0.2686528129075994,-0.530836995317985,-0.6826060825077274
